{
  "num_candidates": 14,
  "max_candidates": 30,
  "entropy": 0.8494451291421539,
  "total_info_gain": 25.567163968531226,
  "num_updates": 100,
  "num_prunes": 48,
  "num_syntheses": 0,
  "posterior_by_source": {
    "type_rescue": 0.8264504541692319,
    "synthesis": 0.17354954583076815
  },
  "survival_rate_by_source": {
    "compiled_from_condition": 2.0625,
    "init_heuristic": 0.4,
    "heuristic": 4.0,
    "synthesis": 1.491186839012926,
    "type_rescue": 6.583333333333333
  },
  "source_lifetime_stats": {
    "total_by_source": {
      "compiled_from_condition": 32,
      "init_heuristic": 35,
      "heuristic": 3,
      "synthesis": 851,
      "type_rescue": 12
    },
    "survived_by_source": {
      "compiled_from_condition": 66,
      "init_heuristic": 14,
      "heuristic": 12,
      "synthesis": 1269,
      "type_rescue": 79
    },
    "current_by_source": {
      "type_rescue": 2,
      "synthesis": 12
    }
  },
  "posterior_by_predicate_type": {
    "semantic": 0.0006416540793239393,
    "structural": 0.825808800089908,
    "keyword": 0.17354954583076815
  },
  "survival_rate_by_predicate_type": {
    "composite": 1.5,
    "keyword": 1.4655172413793103,
    "structural": 2.1875,
    "semantic": 3.7058823529411766,
    "jailbreak": 3.3333333333333335
  },
  "predicate_type_lifetime_stats": {
    "total_by_type": {
      "composite": 8,
      "keyword": 870,
      "structural": 32,
      "semantic": 17,
      "jailbreak": 6
    },
    "survived_by_type": {
      "composite": 12,
      "keyword": 1275,
      "structural": 70,
      "semantic": 63,
      "jailbreak": 20
    },
    "current_by_type": {
      "semantic": 1,
      "structural": 1,
      "keyword": 12
    }
  },
  "entropy_history": [
    2.8302329484072177,
    2.7520592535075052,
    2.8102420348720156,
    2.688182283393781,
    2.634407229455428,
    2.7729089877827406,
    2.2084726374715324,
    2.158419319351567,
    2.6412846335687776,
    2.6135800815500603,
    1.806170617682923,
    0.08239210765099966,
    0.07738139303330022,
    0.0766691623796576,
    2.0918978567183557,
    1.703584828148008,
    0.570751314099903,
    2.0480927269310114,
    0.7133391335059387,
    0.12653679953578678,
    0.08372742157724522,
    0.08372742157724525,
    0.08372742157724532,
    2.4084758511040536,
    2.388324393356081,
    2.388324393356081,
    2.483980318504992,
    1.5079815709796736,
    1.5079815709796736,
    2.2243378156811073,
    0.9024182265423667,
    0.9024182265423673,
    2.0741110645164085,
    2.0741110645164085,
    0.7459064810581321,
    2.0404725292132717,
    2.0404725292132717,
    2.0404725292132717,
    2.422429077353182,
    2.422429077353182,
    1.245189133999401,
    2.1523164466240163,
    0.8213073440222545,
    0.8213073440222547,
    2.0567946081087514,
    2.056794608108752,
    2.056794608108752,
    2.4264125677682786,
    2.5102862399941857,
    2.510286239994185,
    2.7438154058047712,
    2.361115128501349,
    1.259122315658548,
    2.32516010273143,
    2.581174631001315,
    2.5291320869012175,
    2.354946679699516,
    2.354946679699516,
    2.354946679699516,
    2.5235163497645483,
    2.523516349764549,
    2.5746344360418725,
    2.6067245264967847,
    2.606724526496784,
    2.0388782026593737,
    2.461308251837264,
    1.4591500359812153,
    1.4591500359812155,
    2.192305114645589,
    2.19230511464559,
    2.19230511464559,
    2.55103081651569,
    2.55103081651569,
    2.55103081651569,
    2.3662978380198467,
    1.3261640375219592,
    1.3261640375219592,
    2.3041245325203317,
    2.3041245325203317,
    2.3041245325203317,
    2.2916768892978303,
    2.2916768892978303,
    2.2916768892978303,
    2.2894427907407575,
    1.2479639907901512,
    1.2479639907901516,
    2.182702305105473,
    2.353547911302421,
    2.353547911302421,
    2.5956615946188655,
    1.9314230675406405,
    0.8669732116731329,
    0.08165102792946258,
    0.0816510279294626,
    0.0170412938049462,
    0.08165102792946258,
    0.0816510279294626,
    0.08165102792946263,
    2.0893888028361056,
    0.8494451291421539
  ],
  "holdout_accuracy_history": [
    0.8023255813953488,
    0.8636363636363636,
    0.7954545454545454,
    0.7865168539325843,
    0.8111111111111111,
    0.7444444444444445,
    0.8241758241758241,
    0.8791208791208791,
    0.8369565217391305,
    0.7391304347826086,
    0.7311827956989247,
    0.776595744680851,
    0.8191489361702128,
    0.7894736842105263,
    0.8736842105263158,
    0.8125,
    0.845360824742268,
    0.7938144329896907,
    0.7755102040816326,
    0.8163265306122449,
    0.7272727272727273,
    0.7171717171717171,
    0.75,
    0.7722772277227723,
    0.801980198019802,
    0.7745098039215687,
    0.7254901960784313,
    0.7669902912621359,
    0.7884615384615384,
    0.7788461538461539,
    0.7904761904761904,
    0.7523809523809524,
    0.7830188679245284
  ],
  "posterior_history": [
    [
      0.056830115551334236,
      0.006314457283481581,
      0.056830115551334236,
      0.006314457283481581,
      0.004233491533213624,
      0.015294926829789153,
      0.006314457283481581,
      0.004233491533213624,
      0.038101423798922625,
      0.1376543414681024,
      0.0919201015971384,
      0.0919201015971384,
      0.0919201015971384,
      0.038101423798922625,
      0.038101423798922625,
      0.006314457283481581,
      0.009494436171640041,
      0.08845295807189253,
      0.009858440114322728,
      0.00870576096249422,
      0.0025246379528697884,
      0.0024817019332631592,
      0.0030141085763853584,
      0.0030141085763853584,
      0.03199490757417637,
      0.033225480942413906,
      0.027126977187468246,
      0.024035583775790955,
      0.03194250844614791,
      0.03372950192565267
    ],
    [
      0.0699153656761873,
      0.0466867041577865,
      0.06681160816381711,
      0.06681160816381711,
      0.06681160816381711,
      0.06681160816381711,
      0.06681160816381711,
      0.06681160816381711,
      0.06681160816381711,
      0.06681160816381711,
      0.06681160816381711,
      0.06681160816381711,
      0.06681160816381711,
      0.06681160816381711,
      0.06681160816381711,
      0.007423512018201902,
      0.007423512018201902
    ],
    [
      0.07085040358283914,
      0.047311085332110224,
      0.06770513687003707,
      0.06770513687003707,
      0.06770513687003707,
      0.06770513687003707,
      0.06770513687003707,
      0.06770513687003707,
      0.06770513687003707,
      0.06770513687003707,
      0.06770513687003707,
      0.06770513687003707,
      0.06770513687003707,
      0.06770513687003707,
      0.06770513687003707,
      0.0008358658872844078,
      0.0008358658872844078
    ],
    [
      0.00438031381238592,
      0.026324996199240575,
      0.07330800176382658,
      0.07330800176382658,
      0.07330800176382658,
      0.07330800176382658,
      0.07330800176382658,
      0.07330800176382658,
      0.07330800176382658,
      0.07330800176382658,
      0.07330800176382658,
      0.07330800176382658,
      0.07330800176382658,
      0.07330800176382658,
      0.07330800176382658,
      0.008145333529314068,
      0.008145333529314068
    ],
    [
      0.0005003581133652919,
      0.003007073464772117,
      0.07536498416635935,
      0.07536498416635935,
      0.07536498416635935,
      0.07536498416635935,
      0.07536498416635935,
      0.07536498416635935,
      0.07536498416635935,
      0.07536498416635935,
      0.07536498416635935,
      0.07536498416635935,
      0.07536498416635935,
      0.07536498416635935,
      0.07536498416635935,
      0.008373887129595487,
      0.008373887129595487
    ],
    [
      0.0005003581133652923,
      0.0030070734647721195,
      0.07536498416635935,
      0.07536498416635935,
      0.07536498416635935,
      0.07536498416635935,
      0.07536498416635935,
      0.07536498416635935,
      0.07536498416635935,
      0.07536498416635935,
      0.07536498416635935,
      0.07536498416635935,
      0.07536498416635935,
      0.07536498416635935,
      0.07536498416635935,
      0.008373887129595494,
      0.008373887129595494
    ],
    [
      0.005156075945877326,
      0.014358278408629094,
      0.025158250763005433,
      0.025158250763005433,
      0.025158250763005433,
      0.025158250763005433,
      0.025158250763005433,
      0.025158250763005433,
      0.025158250763005433,
      0.025158250763005433,
      0.025158250763005433,
      0.025158250763005433,
      0.025158250763005433,
      0.025158250763005433,
      0.22642425686704895,
      0.22642425686704895,
      0.22573812275533056
    ],
    [
      0.0052740182332013654,
      0.014686715812446459,
      0.025733731355457343,
      0.025733731355457343,
      0.025733731355457343,
      0.025733731355457343,
      0.025733731355457343,
      0.025733731355457343,
      0.025733731355457343,
      0.025733731355457343,
      0.025733731355457343,
      0.025733731355457343,
      0.025733731355457343,
      0.0028593034839397083,
      0.23160358219911625,
      0.23160358219911625,
      0.2309017531621492
    ],
    [
      0.00528745684990547,
      0.014724138729038421,
      0.025799302943715283,
      0.025799302943715283,
      0.025799302943715283,
      0.025799302943715283,
      0.025799302943715283,
      0.025799302943715283,
      0.025799302943715283,
      0.025799302943715283,
      0.025799302943715283,
      0.025799302943715283,
      0.025799302943715283,
      0.00031850991288537403,
      0.2321937264934377,
      0.2321937264934377,
      0.23149010914042722
    ],
    [
      0.001333117571279043,
      1.6458241620728963e-05,
      0.10798252327360261,
      0.10798252327360261,
      0.10765530350610682,
      0.061366370375798916,
      0.061366370375798916,
      0.061366370375798916,
      0.061366370375798916,
      0.061366370375798916,
      0.061366370375798916,
      0.061366370375798916,
      0.061366370375798916,
      0.061366370375798916,
      0.061366370375798916,
      0.061366370375798916
    ],
    [
      0.0004887059681230579,
      5.430066312478427e-05,
      0.3562666507617098,
      0.3562666507617098,
      0.03946522831670119,
      0.02249622395714831,
      0.02249622395714831,
      0.02249622395714831,
      0.02249622395714831,
      0.02249622395714831,
      0.02249622395714831,
      0.02249622395714831,
      0.02249622395714831,
      0.02249622395714831,
      0.02249622395714831,
      0.02249622395714831
    ],
    [
      7.29335604489724e-05,
      7.29335604489724e-05,
      0.47851709010570914,
      0.47851709010570914,
      0.005889716522438395,
      0.003357294195022306,
      0.003357294195022306,
      0.003357294195022306,
      0.003357294195022306,
      0.003357294195022306,
      0.003357294195022306,
      0.003357294195022306,
      0.003357294195022306,
      0.003357294195022306,
      0.003357294195022306,
      0.003357294195022306
    ],
    [
      7.941550190597221e-05,
      0.9906289707750955,
      0.0007147395171537491,
      0.0007147395171537491,
      0.0007147395171537491,
      0.0007147395171537491,
      0.0007147395171537491,
      0.0007147395171537491,
      0.0007147395171537491,
      0.0007147395171537491,
      0.0007147395171537491,
      0.0007147395171537491,
      0.0007147395171537491,
      0.0007147395171537491,
      0.0007147395171537491
    ],
    [
      8.8245675961878e-06,
      0.9906989057536182,
      0.0007147899752912121,
      0.0007147899752912121,
      0.0007147899752912121,
      0.0007147899752912121,
      0.0007147899752912121,
      0.0007147899752912121,
      0.0007147899752912121,
      0.0007147899752912121,
      0.0007147899752912121,
      0.0007147899752912121,
      0.0007147899752912121,
      0.0007147899752912121,
      0.0007147899752912121
    ],
    [
      9.80515201907693e-07,
      0.9907066769163191,
      0.0007147955821907082,
      0.0007147955821907082,
      0.0007147955821907082,
      0.0007147955821907082,
      0.0007147955821907082,
      0.0007147955821907082,
      0.0007147955821907082,
      0.0007147955821907082,
      0.0007147955821907082,
      0.0007147955821907082,
      0.0007147955821907082,
      0.0007147955821907082,
      0.0007147955821907082
    ],
    [
      5.089351786136675e-08,
      0.46280254577415847,
      0.0003339123706884269,
      0.0003339123706884269,
      0.0003339123706884269,
      0.09848491828535358,
      0.09848491828535358,
      0.09848491828535358,
      0.09848491828535358,
      0.09848491828535358,
      0.01094276869837262,
      0.01094276869837262,
      0.01094276869837262,
      0.01094276869837262
    ],
    [
      1.0822834603909787e-08,
      0.8857614988894077,
      7.100861783625229e-05,
      7.100861783625229e-05,
      7.100861783625229e-05,
      0.020943452651188594,
      0.020943452651188594,
      0.020943452651188594,
      0.020943452651188594,
      0.020943452651188594,
      0.002327050294576511,
      0.002327050294576511,
      0.002327050294576511,
      0.002327050294576511
    ],
    [
      1.2025371897809607e-09,
      0.8857615074106966,
      7.100861851937631e-05,
      7.100861851937631e-05,
      7.100861851937631e-05,
      0.02094345285267083,
      0.02094345285267083,
      0.02094345285267083,
      0.02094345285267083,
      0.02094345285267083,
      0.002327050316963429,
      0.002327050316963429,
      0.002327050316963429,
      0.002327050316963429
    ],
    [
      1.304309197859471e-10,
      0.864652005725056,
      0.002271591965954125,
      0.002271591965954125,
      0.002271591965954125,
      0.014281468694072291,
      0.014281468694072291,
      0.014281468694072291,
      0.014281468694072291,
      0.014281468694072291,
      0.014281468694072291,
      0.014281468694072291,
      0.014281468694072291,
      0.014281468694072291
    ],
    [
      1.647434136335488e-11,
      0.9829045975893589,
      0.00028691802179113893,
      0.00028691802179113893,
      0.00028691802179113893,
      0.0018038498143103795,
      0.0018038498143103795,
      0.0018038498143103795,
      0.0018038498143103795,
      0.0018038498143103795,
      0.0018038498143103795,
      0.0018038498143103795,
      0.0018038498143103795,
      0.0018038498143103795
    ],
    [
      1.8304823737328985e-12,
      0.9829045976037524,
      0.00028691802179534005,
      0.00028691802179534005,
      0.00028691802179534005,
      0.0018038498143367948,
      0.0018038498143367948,
      0.0018038498143367948,
      0.0018038498143367948,
      0.0018038498143367948,
      0.0018038498143367948,
      0.0018038498143367948,
      0.0018038498143367948,
      0.0018038498143367948
    ],
    [
      0.99,
      0.000625000000000001,
      0.000625000000000001,
      0.000625000000000001,
      0.000625000000000001,
      0.000625000000000001,
      0.000625000000000001,
      0.000625000000000001,
      0.000625000000000001,
      0.000625000000000001,
      0.000625000000000001,
      0.000625000000000001,
      0.000625000000000001,
      0.000625000000000001,
      0.000625000000000001,
      0.000625000000000001,
      0.000625000000000001
    ],
    [
      0.99,
      0.0006250000000000015,
      0.0006250000000000015,
      0.0006250000000000015,
      0.0006250000000000015,
      0.0006250000000000015,
      0.0006250000000000015,
      0.0006250000000000015,
      0.0006250000000000015,
      0.0006250000000000015,
      0.0006250000000000015,
      0.0006250000000000015,
      0.0006250000000000015,
      0.0006250000000000015,
      0.0006250000000000015,
      0.0006250000000000015,
      0.0006250000000000015
    ],
    [
      0.9753694581280785,
      0.0006157635467980315,
      0.0006157635467980315,
      0.0006157635467980315,
      0.0006157635467980315,
      0.0006157635467980315,
      0.0006157635467980315,
      0.0006157635467980315,
      0.0006157635467980315,
      0.0006157635467980315,
      0.0006157635467980315,
      0.0006157635467980315,
      0.0006157635467980315,
      0.0006157635467980315,
      0.005541871921182282,
      0.005541871921182282,
      0.005541871921182282
    ],
    [
      0.27907421349130185,
      0.00017618321558794352,
      0.00017618321558794382,
      0.00017618321558794382,
      0.00017618321558794382,
      0.060018421137195535,
      0.060018421137195535,
      0.060018421137195535,
      0.060018421137195535,
      0.060018421137195535,
      0.060018421137195535,
      0.060018421137195535,
      0.060018421137195535,
      0.060018421137195535,
      0.060018421137195535,
      0.060018421137195535,
      0.060018421137195535
    ],
    [
      0.2790742134913019,
      0.00017618321558794342,
      0.00017618321558794371,
      0.00017618321558794371,
      0.00017618321558794371,
      0.060018421137195535,
      0.060018421137195535,
      0.060018421137195535,
      0.060018421137195535,
      0.060018421137195535,
      0.060018421137195535,
      0.060018421137195535,
      0.060018421137195535,
      0.060018421137195535,
      0.060018421137195535,
      0.060018421137195535,
      0.060018421137195535
    ],
    [
      0.2790742134913019,
      0.00017618321558794342,
      0.00017618321558794371,
      0.00017618321558794371,
      0.00017618321558794371,
      0.06001842113719553,
      0.06001842113719553,
      0.06001842113719553,
      0.06001842113719553,
      0.06001842113719553,
      0.06001842113719553,
      0.06001842113719553,
      0.06001842113719553,
      0.06001842113719553,
      0.06001842113719553,
      0.06001842113719553,
      0.06001842113719553
    ],
    [
      0.6482591094402154,
      4.5472720920329436e-05,
      0.015490697597627796,
      0.015490697597627796,
      0.015490697597627796,
      0.03391370278288681,
      0.03391370278288681,
      0.03391370278288681,
      0.03391370278288681,
      0.03391370278288681,
      0.03391370278288681,
      0.03391370278288681,
      0.03391370278288681,
      0.03391370278288681
    ],
    [
      0.6482591094402154,
      4.5472720920329436e-05,
      0.015490697597627808,
      0.015490697597627808,
      0.015490697597627808,
      0.03391370278288681,
      0.03391370278288681,
      0.03391370278288681,
      0.03391370278288681,
      0.03391370278288681,
      0.03391370278288681,
      0.03391370278288681,
      0.03391370278288681,
      0.03391370278288681
    ],
    [
      0.6482591094402151,
      4.547272092032942e-05,
      0.015490697597627818,
      0.015490697597627818,
      0.015490697597627818,
      0.0339137027828868,
      0.0339137027828868,
      0.0339137027828868,
      0.0339137027828868,
      0.0339137027828868,
      0.0339137027828868,
      0.0339137027828868,
      0.0339137027828868,
      0.0339137027828868
    ],
    [
      0.8196701475100138,
      6.388500339116588e-06,
      0.004764564278191473,
      0.004764564278191473,
      0.004764564278191473,
      0.018447752350563656,
      0.018447752350563656,
      0.018447752350563656,
      0.018447752350563656,
      0.018447752350563656,
      0.018447752350563656,
      0.018447752350563656,
      0.018447752350563656,
      0.018447752350563656
    ],
    [
      0.8196701475100138,
      6.388500339116577e-06,
      0.004764564278191473,
      0.004764564278191473,
      0.004764564278191473,
      0.018447752350563663,
      0.018447752350563663,
      0.018447752350563663,
      0.018447752350563663,
      0.018447752350563663,
      0.018447752350563663,
      0.018447752350563663,
      0.018447752350563663,
      0.018447752350563663
    ],
    [
      0.8196701475100138,
      6.388500339116577e-06,
      0.004764564278191473,
      0.004764564278191473,
      0.004764564278191473,
      0.018447752350563663,
      0.018447752350563663,
      0.018447752350563663,
      0.018447752350563663,
      0.018447752350563663,
      0.018447752350563663,
      0.018447752350563663,
      0.018447752350563663,
      0.018447752350563663
    ],
    [
      0.3986692901544058,
      3.1072241719229764e-06,
      0.008972575562114931,
      0.008972575562114931,
      0.008972575562114931,
      0.06382331954834193,
      0.06382331954834193,
      0.06382331954834193,
      0.06382331954834193,
      0.06382331954834193,
      0.06382331954834193,
      0.06382331954834193,
      0.06382331954834193,
      0.06382331954834193
    ],
    [
      0.856462198292101,
      7.416952431483053e-07,
      0.002141756192985206,
      0.002141756192985206,
      0.002141756192985206,
      0.015234643492633348,
      0.015234643492633348,
      0.015234643492633348,
      0.015234643492633348,
      0.015234643492633348,
      0.015234643492633348,
      0.015234643492633348,
      0.015234643492633348,
      0.015234643492633348
    ],
    [
      0.856462198292101,
      7.416952431483053e-07,
      0.002141756192985206,
      0.002141756192985206,
      0.002141756192985206,
      0.015234643492633348,
      0.015234643492633348,
      0.015234643492633348,
      0.015234643492633348,
      0.015234643492633348,
      0.015234643492633348,
      0.015234643492633348,
      0.015234643492633348,
      0.015234643492633348
    ],
    [
      0.41128923586081484,
      3.5617598815730615e-07,
      0.007315961980799661,
      0.007315961980799661,
      0.007315961980799661,
      0.06297361355786643,
      0.06297361355786643,
      0.06297361355786643,
      0.06297361355786643,
      0.06297361355786643,
      0.06297361355786643,
      0.06297361355786643,
      0.06297361355786643,
      0.06297361355786643
    ],
    [
      0.41128923586081484,
      3.561759881573055e-07,
      0.007315961980799667,
      0.007315961980799667,
      0.007315961980799667,
      0.06297361355786643,
      0.06297361355786643,
      0.06297361355786643,
      0.06297361355786643,
      0.06297361355786643,
      0.06297361355786643,
      0.06297361355786643,
      0.06297361355786643,
      0.06297361355786643
    ],
    [
      0.41128923586081484,
      3.561759881573049e-07,
      0.007315961980799674,
      0.007315961980799674,
      0.007315961980799674,
      0.06297361355786643,
      0.06297361355786643,
      0.06297361355786643,
      0.06297361355786643,
      0.06297361355786643,
      0.06297361355786643,
      0.06297361355786643,
      0.06297361355786643,
      0.06297361355786643
    ],
    [
      0.23067128325148895,
      1.997610564245752e-07,
      0.03531870757563968,
      0.03531870757563968,
      0.03531870757563968,
      0.0737080438067262,
      0.0737080438067262,
      0.0737080438067262,
      0.0737080438067262,
      0.0737080438067262,
      0.0737080438067262,
      0.0737080438067262,
      0.0737080438067262,
      0.0737080438067262
    ],
    [
      0.7296204673478748,
      6.318504552970312e-07,
      0.012412686025770696,
      0.012412686025770696,
      0.012412686025770696,
      0.02590453808048421,
      0.02590453808048421,
      0.02590453808048421,
      0.02590453808048421,
      0.02590453808048421,
      0.02590453808048421,
      0.02590453808048421,
      0.02590453808048421,
      0.02590453808048421
    ],
    [
      0.7296204673478747,
      6.318504552970312e-07,
      0.012412686025770702,
      0.012412686025770702,
      0.012412686025770702,
      0.025904538080484207,
      0.025904538080484207,
      0.025904538080484207,
      0.025904538080484207,
      0.025904538080484207,
      0.025904538080484207,
      0.025904538080484207,
      0.025904538080484207,
      0.025904538080484207
    ],
    [
      0.8390381791475952,
      7.266060633318721e-07,
      0.0033099242742393076,
      0.0033099242742393076,
      0.0033099242742393076,
      0.01678125793595817,
      0.01678125793595817,
      0.01678125793595817,
      0.01678125793595817,
      0.01678125793595817,
      0.01678125793595817,
      0.01678125793595817,
      0.01678125793595817,
      0.01678125793595817
    ],
    [
      0.8390381791475952,
      7.266060633318707e-07,
      0.0033099242742393106,
      0.0033099242742393106,
      0.0033099242742393106,
      0.016781257935958183,
      0.016781257935958183,
      0.016781257935958183,
      0.016781257935958183,
      0.016781257935958183,
      0.016781257935958183,
      0.016781257935958183,
      0.016781257935958183,
      0.016781257935958183
    ],
    [
      0.8390381791475949,
      7.266060633318693e-07,
      0.003309924274239313,
      0.003309924274239313,
      0.003309924274239313,
      0.016781257935958194,
      0.016781257935958194,
      0.016781257935958194,
      0.016781257935958194,
      0.016781257935958194,
      0.016781257935958194,
      0.016781257935958194,
      0.016781257935958194,
      0.016781257935958194
    ],
    [
      0.4052086048044336,
      3.509101689082442e-07,
      0.008104410840995566,
      0.008104410840995566,
      0.008104410840995566,
      0.06338642352915673,
      0.06338642352915673,
      0.06338642352915673,
      0.06338642352915673,
      0.06338642352915673,
      0.06338642352915673,
      0.06338642352915673,
      0.06338642352915673,
      0.06338642352915673
    ],
    [
      0.40520860480443355,
      3.509101689082441e-07,
      0.008104410840995564,
      0.008104410840995564,
      0.008104410840995564,
      0.06338642352915673,
      0.06338642352915673,
      0.06338642352915673,
      0.06338642352915673,
      0.06338642352915673,
      0.06338642352915673,
      0.06338642352915673,
      0.06338642352915673,
      0.06338642352915673
    ],
    [
      0.40520860480443344,
      3.509101689082441e-07,
      0.008104410840995571,
      0.008104410840995571,
      0.008104410840995571,
      0.06338642352915674,
      0.06338642352915674,
      0.06338642352915674,
      0.06338642352915674,
      0.06338642352915674,
      0.06338642352915674,
      0.06338642352915674,
      0.06338642352915674,
      0.06338642352915674
    ],
    [
      0.03172968752378819,
      2.4730084427444115e-07,
      0.04467102251002768,
      0.04467102251002768,
      0.04467102251002768,
      0.09269522196058715,
      0.09269522196058715,
      0.09269522196058715,
      0.09269522196058715,
      0.09269522196058715,
      0.09269522196058715,
      0.09269522196058715,
      0.09269522196058715,
      0.09269522196058715
    ],
    [
      0.03172968752378818,
      2.4730084427444115e-07,
      0.04467102251002768,
      0.04467102251002768,
      0.04467102251002768,
      0.09269522196058715,
      0.09269522196058715,
      0.09269522196058715,
      0.09269522196058715,
      0.09269522196058715,
      0.09269522196058715,
      0.09269522196058715,
      0.09269522196058715,
      0.09269522196058715
    ],
    [
      0.031729687523788165,
      2.4730084427444115e-07,
      0.04467102251002768,
      0.04467102251002768,
      0.04467102251002768,
      0.09269522196058715,
      0.09269522196058715,
      0.09269522196058715,
      0.09269522196058715,
      0.09269522196058715,
      0.09269522196058715,
      0.09269522196058715,
      0.09269522196058715,
      0.09269522196058715
    ],
    [
      0.08711510286562962,
      0.02827759680966453,
      0.04020942274203208,
      0.04020942274203208,
      0.04020942274203208,
      0.04020942274203208,
      0.04020942274203208,
      0.04020942274203208,
      0.04020942274203208,
      0.04020942274203208,
      0.04020942274203208,
      0.04020942274203208,
      0.04020942274203208,
      0.04020942274203208,
      0.36188480467828865,
      0.04020942274203208
    ],
    [
      0.15956203510976708,
      0.00575487773779414,
      0.008183167521102345,
      0.008183167521102345,
      0.008183167521102345,
      0.008183167521102345,
      0.008183167521102345,
      0.008183167521102345,
      0.008183167521102345,
      0.008183167521102345,
      0.008183167521102345,
      0.008183167521102345,
      0.008183167521102345,
      0.0736485076899211,
      0.6628365692092896,
      0.008183167521102345
    ],
    [
      0.1894738800333244,
      0.0007592999545754104,
      0.0010796890933494668,
      0.0010796890933494668,
      0.0010796890933494668,
      0.0010796890933494668,
      0.0010796890933494668,
      0.0010796890933494668,
      0.0010796890933494668,
      0.0010796890933494668,
      0.0010796890933494668,
      0.0010796890933494668,
      0.0010796890933494668,
      0.009717201840145207,
      0.7870933490517612,
      0.0010796890933494668
    ],
    [
      0.10953505427106018,
      0.0006241694286046483,
      0.0056175248574418316,
      0.05055772371697645,
      0.0006241694286046483,
      0.07573103257248293,
      0.07573103257248293,
      0.07573103257248293,
      0.07573103257248293,
      0.07573103257248293,
      0.07573103257248293,
      0.07573103257248293,
      0.07573103257248293,
      0.07573103257248293,
      0.07573103257248293,
      0.07573103257248293
    ],
    [
      0.11468921018376137,
      0.0006535396295177632,
      0.0058818566656598644,
      0.0058818566656598644,
      0.0006535396295177632,
      0.07929454520235303,
      0.07929454520235303,
      0.07929454520235303,
      0.07929454520235303,
      0.07929454520235303,
      0.07929454520235303,
      0.07929454520235303,
      0.07929454520235303,
      0.07929454520235303,
      0.07929454520235303,
      0.07929454520235303
    ],
    [
      0.5254094593148754,
      0.0003326631868232768,
      0.026945718132685405,
      0.002993968681409488,
      0.0003326631868232768,
      0.04036232068158029,
      0.04036232068158029,
      0.04036232068158029,
      0.04036232068158029,
      0.04036232068158029,
      0.04036232068158029,
      0.04036232068158029,
      0.04036232068158029,
      0.04036232068158029,
      0.04036232068158029,
      0.04036232068158029
    ],
    [
      0.2837434360484819,
      0.014551832888071445,
      0.02179736842198503,
      0.02179736842198503,
      0.02179736842198503,
      0.07070140286638797,
      0.07070140286638797,
      0.07070140286638797,
      0.07070140286638797,
      0.07070140286638797,
      0.07070140286638797,
      0.07070140286638797,
      0.07070140286638797,
      0.07070140286638797
    ],
    [
      0.2837434360484819,
      0.014551832888071445,
      0.02179736842198503,
      0.02179736842198503,
      0.02179736842198503,
      0.07070140286638797,
      0.07070140286638797,
      0.07070140286638797,
      0.07070140286638797,
      0.07070140286638797,
      0.07070140286638797,
      0.07070140286638797,
      0.07070140286638797,
      0.07070140286638797
    ],
    [
      0.2837434360484819,
      0.014551832888071445,
      0.02179736842198503,
      0.02179736842198503,
      0.02179736842198503,
      0.07070140286638797,
      0.07070140286638797,
      0.07070140286638797,
      0.07070140286638797,
      0.07070140286638797,
      0.07070140286638797,
      0.07070140286638797,
      0.07070140286638797,
      0.07070140286638797
    ],
    [
      0.1677815380156768,
      0.008604706198350834,
      0.04180674724317388,
      0.04180674724317388,
      0.04180674724317388,
      0.07757705711738343,
      0.07757705711738343,
      0.07757705711738343,
      0.07757705711738343,
      0.07757705711738343,
      0.07757705711738343,
      0.07757705711738343,
      0.07757705711738343,
      0.07757705711738343
    ],
    [
      0.1569756997992522,
      0.07245474166735744,
      0.039114216512990164,
      0.039114216512990164,
      0.039114216512990164,
      0.07258076766604664,
      0.07258076766604664,
      0.07258076766604664,
      0.07258076766604664,
      0.07258076766604664,
      0.07258076766604664,
      0.07258076766604664,
      0.07258076766604664,
      0.07258076766604664
    ],
    [
      0.1569756997992522,
      0.07245474166735742,
      0.03911421651299015,
      0.03911421651299015,
      0.03911421651299015,
      0.07258076766604664,
      0.07258076766604664,
      0.07258076766604664,
      0.07258076766604664,
      0.07258076766604664,
      0.07258076766604664,
      0.07258076766604664,
      0.07258076766604664,
      0.07258076766604664
    ],
    [
      0.09647060087855835,
      0.04452760824821621,
      0.04460505847672556,
      0.04460505847672556,
      0.04460505847672556,
      0.08057629060478318,
      0.08057629060478318,
      0.08057629060478318,
      0.08057629060478318,
      0.08057629060478318,
      0.08057629060478318,
      0.08057629060478318,
      0.08057629060478318,
      0.08057629060478318
    ],
    [
      0.4080081078164442,
      0.18832291932976383,
      0.02096116484353228,
      0.02096116484353228,
      0.02096116484353228,
      0.03786505314702166,
      0.03786505314702166,
      0.03786505314702166,
      0.03786505314702166,
      0.03786505314702166,
      0.03786505314702166,
      0.03786505314702166,
      0.03786505314702166,
      0.03786505314702166
    ],
    [
      0.40800810781644414,
      0.1883229193297639,
      0.020961164843532287,
      0.020961164843532287,
      0.020961164843532287,
      0.03786505314702167,
      0.03786505314702167,
      0.03786505314702167,
      0.03786505314702167,
      0.03786505314702167,
      0.03786505314702167,
      0.03786505314702167,
      0.03786505314702167,
      0.03786505314702167
    ],
    [
      0.5516362411995506,
      0.2546168700096851,
      0.005688268114362867,
      0.005688268114362867,
      0.005688268114362867,
      0.019631342716408377,
      0.019631342716408377,
      0.019631342716408377,
      0.019631342716408377,
      0.019631342716408377,
      0.019631342716408377,
      0.019631342716408377,
      0.019631342716408377,
      0.019631342716408377
    ],
    [
      0.5516362411995506,
      0.2546168700096851,
      0.0056882681143628705,
      0.0056882681143628705,
      0.0056882681143628705,
      0.019631342716408387,
      0.019631342716408387,
      0.019631342716408387,
      0.019631342716408387,
      0.019631342716408387,
      0.019631342716408387,
      0.019631342716408387,
      0.019631342716408387,
      0.019631342716408387
    ],
    [
      0.6664039710360323,
      0.30758982205057783,
      0.0007635233705389499,
      0.0007635233705389499,
      0.0007635233705389499,
      0.002635070755752567,
      0.002635070755752567,
      0.002635070755752567,
      0.002635070755752567,
      0.002635070755752567,
      0.002635070755752567,
      0.002635070755752567,
      0.002635070755752567,
      0.002635070755752567
    ],
    [
      0.3093556296331957,
      0.14278822936977087,
      0.0012232429700359344,
      0.0012232429700359344,
      0.0012232429700359344,
      0.06046515689854733,
      0.06046515689854733,
      0.06046515689854733,
      0.06046515689854733,
      0.06046515689854733,
      0.06046515689854733,
      0.06046515689854733,
      0.06046515689854733,
      0.06046515689854733
    ],
    [
      0.3093556296331957,
      0.14278822936977087,
      0.0012232429700359355,
      0.0012232429700359355,
      0.0012232429700359355,
      0.06046515689854733,
      0.06046515689854733,
      0.06046515689854733,
      0.06046515689854733,
      0.06046515689854733,
      0.06046515689854733,
      0.06046515689854733,
      0.06046515689854733,
      0.06046515689854733
    ],
    [
      0.3093556296331957,
      0.14278822936977087,
      0.0012232429700359366,
      0.0012232429700359366,
      0.0012232429700359366,
      0.06046515689854733,
      0.06046515689854733,
      0.06046515689854733,
      0.06046515689854733,
      0.06046515689854733,
      0.06046515689854733,
      0.06046515689854733,
      0.06046515689854733,
      0.06046515689854733
    ],
    [
      0.17107826930098516,
      0.07896401686982986,
      0.033438132053653744,
      0.033438132053653744,
      0.033438132053653744,
      0.07218259085202489,
      0.07218259085202489,
      0.07218259085202489,
      0.07218259085202489,
      0.07218259085202489,
      0.07218259085202489,
      0.07218259085202489,
      0.07218259085202489,
      0.07218259085202489
    ],
    [
      0.17107826930098516,
      0.07896401686982986,
      0.033438132053653744,
      0.033438132053653744,
      0.033438132053653744,
      0.07218259085202489,
      0.07218259085202489,
      0.07218259085202489,
      0.07218259085202489,
      0.07218259085202489,
      0.07218259085202489,
      0.07218259085202489,
      0.07218259085202489,
      0.07218259085202489
    ],
    [
      0.5131769404689209,
      0.23686534093411124,
      0.01114478729687303,
      0.01114478729687303,
      0.01114478729687303,
      0.024058150745149894,
      0.024058150745149894,
      0.024058150745149894,
      0.024058150745149894,
      0.024058150745149894,
      0.024058150745149894,
      0.024058150745149894,
      0.024058150745149894,
      0.024058150745149894
    ],
    [
      0.5775692774986921,
      0.2665866936709743,
      0.0030085461861975816,
      0.0030085461861975816,
      0.0030085461861975816,
      0.016313154474637853,
      0.016313154474637853,
      0.016313154474637853,
      0.016313154474637853,
      0.016313154474637853,
      0.016313154474637853,
      0.016313154474637853,
      0.016313154474637853,
      0.016313154474637853
    ],
    [
      0.5775692774986921,
      0.2665866936709743,
      0.0030085461861975816,
      0.0030085461861975816,
      0.0030085461861975816,
      0.016313154474637853,
      0.016313154474637853,
      0.016313154474637853,
      0.016313154474637853,
      0.016313154474637853,
      0.016313154474637853,
      0.016313154474637853,
      0.016313154474637853,
      0.016313154474637853
    ],
    [
      0.5775692774986921,
      0.2665866936709743,
      0.0030085461861975816,
      0.0030085461861975816,
      0.0030085461861975816,
      0.016313154474637853,
      0.016313154474637853,
      0.016313154474637853,
      0.016313154474637853,
      0.016313154474637853,
      0.016313154474637853,
      0.016313154474637853,
      0.016313154474637853,
      0.016313154474637853
    ],
    [
      0.2794955959658891,
      0.12900583484431194,
      0.007894212884242,
      0.007894212884242,
      0.007894212884242,
      0.06309065894856365,
      0.06309065894856365,
      0.06309065894856365,
      0.06309065894856365,
      0.06309065894856365,
      0.06309065894856365,
      0.06309065894856365,
      0.06309065894856365,
      0.06309065894856365
    ],
    [
      0.2794955959658891,
      0.12900583484431194,
      0.007894212884242007,
      0.007894212884242007,
      0.007894212884242007,
      0.06309065894856365,
      0.06309065894856365,
      0.06309065894856365,
      0.06309065894856365,
      0.06309065894856365,
      0.06309065894856365,
      0.06309065894856365,
      0.06309065894856365,
      0.06309065894856365
    ],
    [
      0.589375261813474,
      0.27203594183327146,
      0.0018496231753899594,
      0.0018496231753899594,
      0.0018496231753899594,
      0.0147822140918983,
      0.0147822140918983,
      0.0147822140918983,
      0.0147822140918983,
      0.0147822140918983,
      0.0147822140918983,
      0.0147822140918983,
      0.0147822140918983,
      0.0147822140918983
    ],
    [
      0.28356255535022806,
      0.13088300750186818,
      0.007112077267605816,
      0.007112077267605816,
      0.007112077267605816,
      0.0626909117050096,
      0.0626909117050096,
      0.0626909117050096,
      0.0626909117050096,
      0.0626909117050096,
      0.0626909117050096,
      0.0626909117050096,
      0.0626909117050096,
      0.0626909117050096
    ],
    [
      0.28356255535022806,
      0.13088300750186818,
      0.0071120772676058226,
      0.0071120772676058226,
      0.0071120772676058226,
      0.06269091170500958,
      0.06269091170500958,
      0.06269091170500958,
